%YAML:1.0
---
M1: !!opencv-matrix
   rows: 3
   cols: 3
   dt: d
   data: [ 6.8019244506608163e+02, 0., 3.2921704280230603e+02, 0.,
       6.8377060386420601e+02, 2.4114687790551230e+02, 0., 0., 1. ]
D1: !!opencv-matrix
   rows: 1
   cols: 5
   dt: d
   data: [ 3.8424349417909565e-01, -2.1360078630751778e+00,
       -6.4635606255286915e-03, 7.7944274101133049e-03,
       4.3889341675998139e+00 ]
M2: !!opencv-matrix
   rows: 3
   cols: 3
   dt: d
   data: [ 6.7633429004829873e+02, 0., 3.3280774316184431e+02, 0.,
       6.8092626106746513e+02, 2.5311779914460826e+02, 0., 0., 1. ]
D2: !!opencv-matrix
   rows: 1
   cols: 5
   dt: d
   data: [ 3.0442164892466356e-01, -1.3091570556523684e+00,
       -3.4711394138834165e-03, 1.8532156660874535e-03,
       1.4436464212162108e+00 ]
R: !!opencv-matrix
   rows: 3
   cols: 3
   dt: d
   data: [ 9.9986162946783597e-01, 1.9355022095410102e-03,
       1.6521977760568095e-02, -1.5696543568291105e-03,
       9.9975392641903005e-01, -2.2127421786842467e-02,
       -1.6560739812095722e-02, 2.2098426209339099e-02,
       9.9961862800567425e-01 ]
T: !!opencv-matrix
   rows: 3
   cols: 1
   dt: d
   data: [ -4.1120359589097070e+01, 2.3325170932342851e-01,
       3.5822343354586494e-01 ]
R1: !!opencv-matrix
   rows: 3
   cols: 3
   dt: d
   data: [ 9.9996077305734710e-01, -3.9278161513556014e-03,
       7.9388038666907603e-03, 4.0152039427276869e-03,
       9.9993119579071421e-01, -1.1021879234094735e-02,
       -7.8949657282940660e-03, 1.1053322796056173e-02,
       9.9990774252993719e-01 ]
R2: !!opencv-matrix
   rows: 3
   cols: 3
   dt: d
   data: [ 9.9994597039712740e-01, -5.6721076652987172e-03,
       -8.7111125110611448e-03, 5.7679141520778493e-03,
       9.9992272242897651e-01, 1.1012735198778347e-02,
       8.6479739177084836e-03, -1.1062385134201906e-02,
       9.9990141323145509e-01 ]
P1: !!opencv-matrix
   rows: 3
   cols: 4
   dt: d
   data: [ 6.8707982025011393e+02, 0., 3.3596781539916992e+02, 0., 0.,
       6.8707982025011393e+02, 2.4164403915405273e+02, 0., 0., 0., 1.,
       0. ]
P2: !!opencv-matrix
   rows: 3
   cols: 4
   dt: d
   data: [ 6.8707982025011393e+02, 0., 3.3596781539916992e+02,
       -2.8254495854287237e+04, 0., 6.8707982025011393e+02,
       2.4164403915405273e+02, 0., 0., 0., 1., 0. ]
Q: !!opencv-matrix
   rows: 4
   cols: 4
   dt: d
   data: [ 1., 0., 0., -3.3596781539916992e+02, 0., 1., 0.,
       -2.4164403915405273e+02, 0., 0., 0., 6.8707982025011393e+02, 0.,
       0., 2.4317539544626447e-02, 0. ]
